----------------------------------------------------------------------------------

88      88                 .88888888
888    888          88 88  88       
88 8  8 88             88  88       
88  88  88 .8888888 88 88   8888888  .888888.  8888888 88    88 .888888. 88888888
88      88 8     88 88 88         88 88   888  88      88    88 88   888 88
88      88 8     88 88 88         88 88    88  88      88    88 88    88 88
88      88 .8888888 88 88   8888888. .888888.  88       888888  .888888. 88
 ---------------------------------------------------------------------------------

Mail Server
